6556.26951913636, 4964.28576299222
6924.05690189944, 4807.02025157828
7291.84428466251, 4649.75474016434
7659.63166742559, 4492.4892287504
8027.41905018866, 4335.22371733646
8395.20643295174, 4177.95820592252
8762.99381571481, 4020.69269450859
9498.56858124096, 3706.16167168071
9866.35596400403, 3548.89616026677
6399.00400772242, 4596.49838022915
6766.7913904855, 4439.23286881521
7134.57877324857, 4281.96735740127
7502.36615601165, 4124.70184598733
7870.15353877472, 3967.43633457339
8237.9409215378, 3810.17082315945
8605.72830430087, 3652.90531174551
8973.51568706395, 3495.63980033157
9341.30306982702, 3338.37428891763
9709.09045259009, 3181.10877750369
6241.73849630849, 4228.71099746607
6609.52587907156, 4071.44548605213
6977.31326183463, 3914.17997463819
7345.10064459771, 3756.91446322425
7712.88802736078, 3599.64895181031
8080.67541012386, 3442.38344039638
8448.46279288693, 3285.11792898244
8816.25017565001, 3127.8524175685
9184.03755841308, 2970.58690615456
9551.82494117616, 2813.32139474062
6084.47298489455, 3860.923614703
6452.26036765762, 3703.65810328906
7187.83513318377, 3389.12708046118
7555.62251594684, 3231.86156904724
7923.40989870992, 3074.5960576333
8291.19728147299, 2917.33054621936
8658.98466423607, 2760.06503480542
9026.77204699914, 2602.79952339148
9394.55942976222, 2445.53401197754
5927.20747348061, 3493.13623193992
6294.99485624368, 3335.87072052598
6662.78223900676, 3178.60520911204
7030.56962176983, 3021.3396976981
7398.35700453291, 2864.07418628417
7766.14438729598, 2706.80867487023
8133.93177005905, 2549.54316345629
8501.71915282213, 2392.27765204235
8869.5065355852, 2235.01214062841
9237.29391834828, 2077.74662921447
6137.72934482974, 2968.08333776291
6505.51672759282, 2810.81782634897
6873.30411035589, 2653.55231493503
7241.09149311897, 2496.28680352109
7608.87887588204, 2339.02129210715
7976.66625864511, 2181.75578069321
8344.45364140819, 2024.49026927927
8712.24102417126, 1867.22475786534
9080.02840693434, 1709.9592464514
5612.67645065273, 2757.56146641377
5980.4638334158, 2600.29595499983
6348.25121617888, 2443.0304435859
6716.03859894195, 2285.76493217196
7451.6133644681, 1971.23390934408
7819.40074723118, 1813.96839793014
8187.18812999425, 1656.7028865162
8554.97551275732, 1499.43737510226
8922.7628955204, 1342.17186368832
5455.41093923879, 2389.7740836507
5823.19832200186, 2232.50857223676
6190.98570476494, 2075.24306082282
6558.77308752801, 1917.97754940888
6926.56047029109, 1760.71203799494
7294.34785305416, 1603.446526581
7662.13523581724, 1446.18101516706
8029.92261858031, 1288.91550375313
8397.71000134338, 1131.64999233919
5298.14542782485, 2021.98670088762
5665.93281058792, 1864.72118947369
6033.720193351, 1707.45567805975
6401.50757611407, 1550.19016664581
6769.29495887715, 1392.92465523187
7137.08234164022, 1235.65914381793
7504.8697244033, 1078.39363240399
7872.65710716637, 921.128120990051
8240.44448992945, 763.862609576112
8608.23187269252, 606.597098162172
5140.87991641091, 1654.19931812455
5508.66729917399, 1496.93380671061
5876.45468193706, 1339.66829529667
6244.24206470013, 1182.40278388273
6612.02944746321, 1025.13727246879
6979.81683022628, 867.871761054855
7347.60421298936, 710.606249640916
7715.39159575243, 553.340738226977
8083.17897851551, 396.075226813037
8450.96636127858, 238.809715399099
