6556.26951913636,	4964.28576299222,	0,	90,	1,	3.9687151069781,	1.04074367316076,	
6924.05690189944,	4807.02025157828,	0,	8,	1,	5.67247376556435,	1.17738936843205,	
7291.84428466251,	4649.75474016434,	0,	5,	1,	4.2488598593386,	1.41024892617857,	
7659.63166742559,	4492.4892287504,	0,	91,	1,	1.78151239089019,	1.46688543783295,	
8027.41905018866,	4335.22371733646,	0,	86,	1,	2.30420542114146,	0.745887840004123,	
8395.20643295174,	4177.95820592252,	0,	56,	1,	5.80765996876812,	0.0567374841669639,	
8762.99381571481,	4020.69269450859,	0,	73,	1,	2.78616836276497,	0.55646272040517,	
9498.56858124096,	3706.16167168071,	0,	74,	1,	2.30273259364917,	0.586695200899348,	
9866.35596400403,	3548.89616026677,	0,	63,	1,	3.80245251725512,	0.58600565658275,	
6399.00400772242,	4596.49838022915,	0,	48,	1,	4.30891461742367,	1.22698026061913,	
6766.7913904855,	4439.23286881521,	0,	60,	1,	0.0297563699783635,	1.02871236068532,	
7134.57877324857,	4281.96735740127,	0,	66,	1,	4.54453438972813,	1.51047110887284,	
7502.36615601165,	4124.70184598733,	0,	23,	1,	0.495753319908876,	0.809676993459456,	
7870.15353877472,	3967.43633457339,	0,	43,	1,	3.44223590670048,	0.592292419626739,	
8237.9409215378,	3810.17082315945,	0,	65,	1,	4.25747555438847,	1.04518710340918,	
8605.72830430087,	3652.90531174551,	0,	76,	1,	1.67195281690244,	0.507659315134536,	
8973.51568706395,	3495.63980033157,	0,	28,	1,	0.0632576797804683,	1.40623580348921,	
9341.30306982702,	3338.37428891763,	0,	46,	1,	4.29605074065684,	0.58818295914537,	
9709.09045259009,	3181.10877750369,	0,	11,	1,	0.348502472941782,	0.712857591094014,	
6241.73849630849,	4228.71099746607,	0,	39,	1,	4.64070712731876,	1.18226516283065,	
6609.52587907156,	4071.44548605213,	0,	19,	1,	1.61077988583542,	0.645624519161242,	
6977.31326183463,	3914.17997463819,	0,	18,	1,	6.23636876247286,	1.05074603127485,	
7345.10064459771,	3756.91446322425,	0,	49,	1,	1.39042791160371,	1.43095375803808,	
7712.88802736078,	3599.64895181031,	0,	44,	1,	5.85339252201685,	1.37367641850453,	
8080.67541012386,	3442.38344039638,	0,	81,	1,	4.88831551644638,	1.36887744873054,	
8448.46279288693,	3285.11792898244,	0,	25,	1,	0.578215123902963,	0.576707311277517,	
8816.25017565001,	3127.8524175685,	0,	2,	1,	0.673053778581088,	1.37534333006185,	
9184.03755841308,	2970.58690615456,	0,	61,	1,	1.61671028698332,	1.07665586420853,	
9551.82494117616,	2813.32139474062,	0,	68,	1,	6.25206333728285,	1.33413184225628,	
6084.47298489455,	3860.923614703,	0,	20,	1,	0.883873312461252,	0.124206359949511,	
6452.26036765762,	3703.65810328906,	0,	57,	1,	5.64561217046127,	1.24581199696199,	
7187.83513318377,	3389.12708046118,	0,	27,	1,	0.645284660255103,	0.427973276147795,	
7555.62251594684,	3231.86156904724,	0,	72,	1,	0.090211245329991,	1.24262531727993,	
7923.40989870992,	3074.5960576333,	0,	71,	1,	4.62840912880108,	0.408638424656931,	
8291.19728147299,	2917.33054621936,	0,	69,	1,	4.15565857641463,	0.382194522075794,	
8658.98466423607,	2760.06503480542,	0,	62,	1,	3.217274690081,	1.02019104290151,	
9026.77204699914,	2602.79952339148,	0,	9,	1,	5.47290392242805,	1.23654395414611,	
9394.55942976222,	2445.53401197754,	0,	36,	1,	3.31740661824859,	1.32636700352156,	
5927.20747348061,	3493.13623193992,	0,	67,	1,	2.4941385254228,	0.833371348398811,	
6294.99485624368,	3335.87072052598,	0,	85,	1,	2.60262062451587,	1.1584255674092,	
6662.78223900676,	3178.60520911204,	0,	41,	1,	2.55517676005191,	1.20788301557886,	
7030.56962176983,	3021.3396976981,	0,	3,	1,	2.70226310596139,	1.23657814687492,	
7398.35700453291,	2864.07418628417,	0,	42,	1,	4.5060354325283,	0.811039097695898,	
7766.14438729598,	2706.80867487023,	0,	58,	1,	0.613522006127081,	0.171916918414563,	
8133.93177005905,	2549.54316345629,	0,	29,	1,	0.85192260211295,	0.918749740305392,	
8501.71915282213,	2392.27765204235,	0,	34,	1,	3.79966192656443,	0.348245960365318,	
8869.5065355852,	2235.01214062841,	0,	15,	1,	1.72744750895846,	0.754920283974428,	
9237.29391834828,	2077.74662921447,	0,	50,	1,	4.76439546150324,	0.274569435767066,	
6137.72934482974,	2968.08333776291,	0,	95,	1,	4.2046112416723,	0.169947432062373,	
6505.51672759282,	2810.81782634897,	0,	22,	1,	4.84556833844797,	1.25481071286445,	
6873.30411035589,	2653.55231493503,	0,	26,	1,	3.65303349069247,	0.267482995947208,	
7241.09149311897,	2496.28680352109,	0,	94,	1,	6.06072452567748,	1.07431407490355,	
7608.87887588204,	2339.02129210715,	0,	35,	1,	3.02690597863039,	0.617890545016562,	
7976.66625864511,	2181.75578069321,	0,	45,	1,	0.424811265452763,	1.56001628303976,	
8344.45364140819,	2024.49026927927,	0,	52,	1,	4.54925986863805,	1.43872052980434,	
8712.24102417126,	1867.22475786534,	0,	16,	1,	4.85717765695774,	1.32774572544543,	
9080.02840693434,	1709.9592464514,	0,	32,	1,	4.68030119282768,	0.70757908181365,	
5612.67645065273,	2757.56146641377,	0,	24,	1,	0.92364581091936,	1.16343822741641,	
5980.4638334158,	2600.29595499983,	0,	88,	1,	3.6038344936647,	1.40111233561118,	
6348.25121617888,	2443.0304435859,	0,	38,	1,	1.88535652001146,	1.50458672041813,	
6716.03859894195,	2285.76493217196,	0,	75,	1,	0.808455607003359,	1.21921785603138,	
7451.6133644681,	1971.23390934408,	0,	64,	1,	5.71304251486534,	0.966668472108845,	
7819.40074723118,	1813.96839793014,	0,	80,	1,	6.25000528558758,	1.02294197176105,	
8187.18812999425,	1656.7028865162,	0,	1,	1,	0.525366128750152,	0.798485507107661,	
8554.97551275732,	1499.43737510226,	0,	87,	1,	1.07580823619732,	0.566713065519396,	
8922.7628955204,	1342.17186368832,	0,	84,	1,	1.79293044758521,	1.03889289741127,	
5455.41093923879,	2389.7740836507,	0,	82,	1,	3.89576378688464,	1.034254181016,	
5823.19832200186,	2232.50857223676,	0,	13,	1,	4.70395123209781,	1.31049056564229,	
6190.98570476494,	2075.24306082282,	0,	89,	1,	0.899934584142423,	0.727400655662346,	
6558.77308752801,	1917.97754940888,	0,	83,	1,	3.80515767857631,	1.15904108605452,	
6926.56047029109,	1760.71203799494,	0,	93,	1,	0.0871025290263985,	1.17461544899685,	
7294.34785305416,	1603.446526581,	0,	37,	1,	2.12731429757207,	1.41833513843425,	
7662.13523581724,	1446.18101516706,	0,	51,	1,	4.24254038455012,	0.501173609068928,	
8029.92261858031,	1288.91550375313,	0,	31,	1,	0.161471484509163,	1.05695935151063,	
8397.71000134338,	1131.64999233919,	0,	78,	1,	6.18251087828883,	0.855589278209095,	
5298.14542782485,	2021.98670088762,	0,	33,	1,	2.40692949973251,	0.323918086133967,	
5665.93281058792,	1864.72118947369,	0,	10,	1,	2.54774616454665,	0.980298122376756,	
6033.720193351,	1707.45567805975,	0,	53,	1,	2.30833236222534,	0.995379728007662,	
6401.50757611407,	1550.19016664581,	0,	12,	1,	1.27010151612035,	0.420867424224521,	
6769.29495887715,	1392.92465523187,	0,	40,	1,	0.253615415973318,	1.39697570162294,	
7137.08234164022,	1235.65914381793,	0,	47,	1,	1.06855850232732,	0.7442711681147,	
7504.8697244033,	1078.39363240399,	0,	55,	1,	4.44254702407988,	0.973075315083043,	
7872.65710716637,	921.128120990051,	0,	30,	1,	3.34677497131296,	0.802573000162607,	
8240.44448992945,	763.862609576112,	0,	54,	1,	0.211613918495186,	1.02939458521871,	
8608.23187269252,	606.597098162172,	0,	79,	1,	2.92803835753182,	0.9010875330324,	
5140.87991641091,	1654.19931812455,	0,	6,	1,	1.42903326936959,	0.770896578439228,	
5508.66729917399,	1496.93380671061,	0,	77,	1,	3.45286828277296,	0.443688433754695,	
5876.45468193706,	1339.66829529667,	0,	17,	1,	0.425582394083155,	1.30849625715356,	
6244.24206470013,	1182.40278388273,	0,	7,	1,	2.51813936632502,	0.801215949872826,	
6612.02944746321,	1025.13727246879,	0,	70,	1,	0.159973307361874,	1.30106360098965,	
6979.81683022628,	867.871761054855,	0,	59,	1,	5.15981628361653,	0.220613679626943,	
7347.60421298936,	710.606249640916,	0,	14,	1,	3.16063148725301,	1.29653725144926,	
7715.39159575243,	553.340738226977,	0,	92,	1,	1.76801749911267,	0.449362273287619,	
8083.17897851551,	396.075226813037,	0,	21,	1,	3.18166626113337,	1.08475036465044,	
8450.96636127858,	238.809715399099,	0,	4,	1,	5.81325367997089,	0.956880264586096	
