0 0 0 1 0 1 0 0 1 0 0 0 0 1 3 0 0 1 0
0 1 0 0 0 0 0 2 2 1 0 3 1 1 0 1 0 0 0
0 0 1 0 1 2 3 4 2 2 1 2 2 1 0 1 0 0 0
0 0 0 1 2 3 2 2 6 3 4 2 1 1 1 0 0 0 0
1 2 3 2 2 3 2 6 5 7 10 6 9 3 2 1 2 1 1
2 0 0 2 1 1 10 6 2 3 2 3 7 6 3 1 1 1 0
0 2 0 2 3 7 2 5 17 35 31 13 1 3 4 2 0 1 0
0 1 3 1 9 3 1 18 43 53 48 31 13 0 4 5 1 1 0
0 2 0 2 0 1 11 19 26 44 40 22 15 3 5 2 0 1 2
0 2 1 4 2 0 7 8 28 81 57 11 11 5 1 5 1 2 1
0 2 0 3 1 4 14 7 38 67 53 7 9 7 4 3 1 1 1
0 3 0 2 6 2 8 18 35 61 52 36 12 6 2 6 0 0 1
0 1 2 3 3 4 0 18 43 50 40 37 9 0 8 1 0 2 0
1 1 2 2 1 8 4 6 20 19 22 8 4 3 4 1 4 1 0
1 0 1 1 0 5 3 3 0 2 0 2 6 6 3 1 2 1 1
0 0 0 2 4 2 2 3 6 7 6 7 3 2 1 4 0 2 1
1 0 1 2 3 4 1 0 2 1 3 1 1 0 0 0 0 0 2
0 0 1 1 1 0 1 8 3 0 3 0 5 0 2 1 1 1 0
0 0 0 0 0 0 2 2 2 5 3 0 0 1 0 0 1 0 0
